image_width: 640
image_height: 480
camera_name: head_camera
camera_matrix:
  rows: 3
  cols: 3
  data: [683.893851, 0, 325.682371, 0, 679.5197920000001, 226.729205, 0, 0, 1]
distortion_model: plumb_bob
distortion_coefficients:
  rows: 1
  cols: 5
  data: [0.050143, -0.029342, -0.000348, -0.006875999999999999, 0]
rectification_matrix:
  rows: 3
  cols: 3
  data: [1, 0, 0, 0, 1, 0, 0, 0, 1]
projection_matrix:
  rows: 3
  cols: 4
  data: [692.233276, 0, 321.537866, 0, 0, 691.603882, 226.214526, 0, 0, 0, 1, 0]
